a
```markdown
| Sputter Time (min) | C | O | O of SiO₂ | Ti | N | Si |
|---|---|---|---|---|---|---|
| 0 | 40 | 5 | 50 | 38 | 5 | 5 |
| 5 | 39 | 5 | 49 | 37 | 5 | 5 |
| 10 | 38 | 5 | 48 | 36 | 5 | 5 |
| 15 | 37 | 5 | 47 | 35 | 5 | 5 |
| 20 | 36 | 5 | 46 | 34 | 5 | 5 |
| 25 | 35 | 5 | 45 | 33 | 5 | 5 |
| 30 | 34 | 5 | 44 | 32 | 5 | 5 |
| 35 | 33 | 5 | 43 | 31 | 5 | 5 |
| 40 | 32 | 5 | 42 | 30 | 5 | 5 |
| 45 | 31 | 5 | 41 | 29 | 5 | 5 |
| 50 | 30 | 5 | 40 | 28 | 5 | 5 |
```
b
```markdown
| Deposition Temperature (°C) | Carbon | Oxygen |
|---|---|---|
| 150 | 11 | 10 |
| 200 | 7 | 6 |
| 250 | 3 | 3 |
| 300 | 5 | 3 |
| 350 | 6 | 3 |
```
