a
```markdown
| Ion Dosage (Ar<sup>+</sup>/cm<sup>2</sup>) × 10<sup>15</sup> | 45 eV | 80 eV | 215 eV |
|---|---|---|---|
| 0 | 0.75 | 0.90 | 1.60 |
| 5 | 0.60 | 0.70 | 0.80 |
| 10 | 0.55 | 0.60 | 0.70 |
| 15 | 0.50 | 0.55 | 0.60 |
| 20 | 0.45 | 0.50 | 0.55 |
| 25 | 0.40 | 0.45 | 0.50 |
| 30 | 0.35 | 0.40 | 0.45 |
| 35 | 0.30 | 0.35 | 0.40 |
| 40 | 0.25 | 0.30 | 0.35 |
| 45 | 0.20 | 0.25 | 0.30 |
| 50 | 0.15 | 0.20 | 0.25 |
```
b
```markdown
| Ion Dosage (Ar<sup>+</sup>/cm<sup>2</sup>) × 10<sup>15</sup> | 45 eV | 80 eV | 215 eV |
|---|---|---|---|
| 0 | 1.80 | 1.00 | 1.70 |
| 5 | 0.50 | 0.40 | 0.30 |
| 10 | 0.30 | 0.25 | 0.20 |
| 15 | 0.20 | 0.15 | 0.10 |
| 20 | 0.15 | 0.10 | 0.05 |
| 25 | 0.10 | 0.05 | 0.02 |
| 30 | 0.05 | 0.02 | 0.01 |
| 35 | 0.02 | 0.01 | 0.00 |
| 40 | 0.01 | 0.00 | 0.00 |
| 45 | 0.00 | 0.00 | 0.00 |
| 50 | 0.00 | 0.00 | 0.00 |
```
