a
```markdown
| Cycles | 465 nm | 525 nm | 580 nm | 635 nm |
|---|---|---|---|---|
| 210 | 164 | 166 | 168 | 168 |
| 215 | 163 | 165 | 167 | 167 |
| 220 | 162 | 164 | 166 | 166 |
| 225 | 161 | 163 | 165 | 165 |
| 230 | 160 | 162 | 164 | 164 |
| 235 | 159 | 161 | 163 | 163 |
| 240 | 158 | 160 | 162 | 162 |
| 245 | 161 | 163 | 165 | 166 |
```
b
```markdown
| Cycles | 465 nm | 525 nm | 580 nm | 635 nm |
|---|---|---|---|---|
| 210 | 21 | 19 | 17 | 17 |
| 215 | 21 | 19 | 17 | 17 |
| 220 | 21 | 19 | 17 | 17 |
| 225 | 21 | 19 | 17 | 17 |
| 230 | 21 | 19 | 17 | 17 |
| 235 | 21 | 19 | 17 | 17 |
| 240 | 21 | 19 | 17 | 17 |
| 245 | 21 | 19 | 17 | 17 |
```
c
```markdown
| Cycles | Thickness (nm) |
|---|---|
| 210 | 4.8 |
| 215 | 5.0 |
| 220 | 5.2 |
| 225 | 5.4 |
| 230 | 5.6 |
| 235 | 5.8 |
| 240 | 6.0 |
| 245 | 5.8 |
```
