a
```markdown
| x | y1 | y2 | y3 |
|---|---|---|---|
| 0 | 0.178 | 0.178 | 0.178 |
| 1 | 0.256 | 0.256 | 0.256 |
| 2 | 0.334 | 0.334 | 0.334 |
| 3 | 0.412 | 0.412 | 0.412 |
| 4 | 0.490 | 0.490 | 0.490 |
| 5 | 0.568 | 0.568 | 0.568 |
| 6 | 0.646 | 0.646 | 0.646 |
| 7 | 0.724 | 0.724 | 0.724 |
| 8 | 0.802 | 0.802 | 0.802 |
| 9 | 0.880 | 0.880 | 0.880 |
```
b
```markdown
| x | y1 | y2 | y3 |
|---|---|---|---|
| 0 | 0.178 | 0.178 | 0.178 |
| 1 | 0.256 | 0.256 | 0.256 |
| 2 | 0.334 | 0.334 | 0.334 |
| 3 | 0.412 | 0.412 | 0.412 |
| 4 | 0.490 | 0.490 | 0.490 |
| 5 | 0.568 | 0.568 | 0.568 |
| 6 | 0.646 | 0.646 | 0.646 |
| 7 | 0.724 | 0.724 | 0.724 |
| 8 | 0.802 | 0.802 | 0.802 |
| 9 | 0.880 | 0.880 | 0.880 |
```
