a
```markdown
| Wavelength (nm) | As-deposited | 500°C | 700°C | 900°C |
|-----------------|--------------|-------|-------|--------|
| 200             | 20           | 20    | 20    | 20     |
| 250             | 40           | 40    | 40    | 40     |
| 300             | 60           | 60    | 60    | 60     |
| 350             | 80           | 80    | 80    | 80     |
| 400             | 100          | 100   | 100   | 100    |
| 450             | 100          | 100   | 100   | 100    |
| 500             | 100          | 100   | 100   | 100    |
| 550             | 100          | 100   | 100   | 100    |
| 600             | 100          | 100   | 100   | 100    |
| 650             | 100          | 100   | 100   | 100    |
| 700             | 100          | 100   | 100   | 100    |
```
b
```markdown
| Temperature (°C) | Band Gap Energy (eV) |
|------------------|----------------------|
| 200              | 5.0                  |
| 400              | 5.1                  |
| 600              | 5.2                  |
```
