a
```markdown
| Time (s) | LiHMDS | LiHMDS+H₂* | SR start | O₂*+H₂* | LiHMDS+O₂* | SR end |
|---|---|---|---|---|---|---|
| 0 | 1E-10 | 1E-10 | 1E-10 | 1E-10 | 1E-10 | 1E-10 |
| 5 | 1E-10 | 1E-10 | 1E-10 | 1E-10 | 1E-10 | 1E-10 |
| 10 | 1E-10 | 1E-10 | 1E-10 | 1E-10 | 1E-10 | 1E-10 |
| 15 | 1E-10 | 1E-10 | 1E-10 | 1E-10 | 1E-10 | 1E-10 |
| 20 | 1E-10 | 1E-10 | 1E-10 | 1E-10 | 1E-10 | 1E-10 |
| 25 | 1E-10 | 1E-10 | 1E-10 | 1E-10 | 1E-10 | 1E-10 |
| 30 | 1E-10 | 1E-10 | 1E-10 | 1E-10 | 1E-10 | 1E-10 |
| 35 | 1E-10 | 1E-10 | 1E-10 | 1E-10 | 1E-10 | 1E-10 |
| 40 | 1E-10 | 1E-10 | 1E-10 | 1E-10 | 1E-10 | 1E-10 |
```
b
```markdown
| Time (s) | LiHMDS | LiHMDS+H₂* | SR start | O₂*+H₂* | LiHMDS+O₂* | SR end |
|---|---|---|---|---|---|---|
| 0 | 1E-11 | 1E-11 | 1E-11 | 1E-11 | 1E-11 | 1E-11 |
| 5 | 1E-11 | 1E-11 | 1E-11 | 1E-11 | 1E-11 | 1E-11 |
| 10 | 1E-11 | 1E-11 | 1E-11 | 1E-11 | 1E-11 | 1E-11 |
| 15 | 1E-11 | 1E-11 | 1E-11 | 1E-11 | 1E-11 | 1E-11 |
| 20 | 1E-11 | 1E-11 | 1E-11 | 1E-11 | 1E-11 | 1E-11 |
| 25 | 1E-11 | 1E-11 | 1E-11 | 1E-11 | 1E-11 | 1E-11 |
| 30 | 1E-11 | 1E-11 | 1E-11 | 1E-11 | 1E-11 | 1E-11 |
| 35 | 1E-11 | 1E-11 | 1E-11 | 1E-11 | 1E-11 | 1E-11 |
| 40 | 1E-11 | 1E-11 |
```
