a
```markdown
| Time (s) | LiO'Bu | H₂O reaction | CO₂ | Ar |
|----------|--------|--------------|-----|----|
| 0       | 0      | 0            | 0   | 0  |
| 2       | 0.5    | 0.5          | 0   | 0  |
| 4       | 1      | 1            | 0   | 0  |
| 6       | 1.5    | 1.5          | 0   | 0  |
| 8       | 2      | 2            | 0   | 0  |
| 10      | 2.5    | 2.5          | 0   | 0  |
| 12      | 3      | 3            | 0   | 0  |
| 14      | 3.5    | 3.5          | 0   | 0  |
| 16      | 4      | 4            | 0   | 0  |
| 18      | 4.5    | 4.5          | 0   | 0  |
| 20      | 5      | 5            | 0   | 0  |
```
b
```markdown
| Time (s) | LiO'Bu | O₂ | Plasma power | Ar |
|----------|--------|----|--------------|----|
| 0       | 0      | 0  | 0            | 0  |
| 2       | 0.5    | 0  | 0            | 0  |
| 4       | 1      | 0  | 0            | 0  |
| 6       | 1.5    | 0  | 0            | 0  |
| 8       | 2      | 0  | 0            | 0  |
| 10      | 2.5    | 0  | 0            | 0  |
| 12      | 3      | 0  | 0            | 0  |
| 14      | 3.5    | 0  | 0            | 0  |
| 16      | 4      | 0  | 0            | 0  |
| 18      | 4.5    | 0  | 0            | 0  |
| 20      | 5      | 0  | 0            | 0  |
```
