a
```markdown
| Batch Number | HF Flow Rate (scm) |
|---|---|
| 0 | 21.5 |
| 1 | 20.7 |
| 2 | 20.0 |
| 3 | 19.8 |
| 4 | 19.6 |
| 5 | 19.4 |
| 6 | 19.2 |
| 7 | 19.0 |
| 8 | 18.8 |
| 9 | 18.6 |
| 10 | 18.4 |
| 11 | 18.2 |
| 12 | 18.0 |
| 13 | 17.8 |
| 14 | 17.6 |
| 15 | 17.4 |
| 16 | 17.2 |
| 17 | 17.0 |
| 18 | 16.8 |
| 19 | 16.6 |
| 20 | 16.4 |
```
b
```markdown
| Batch Number | TMA Flow Rate (scm) |
|---|---|
| 0 | 40.0 |
| 1 | 42.0 |
| 2 | 43.0 |
| 3 | 44.0 |
| 4 | 43.0 |
| 5 | 42.0 |
| 6 | 41.0 |
| 7 | 40.0 |
| 8 | 39.0 |
| 9 | 38.0 |
| 10 | 37.0 |
| 11 | 36.0 |
| 12 | 35.0 |
| 13 | 34.0 |
| 14 | 33.0 |
| 15 | 32.0 |
| 16 | 31.0 |
| 17 | 30.0 |
| 18 | 29.0 |
| 19 | 28.0 |
| 20 | 27.0 |
```
c
```markdown
| Batch Number | Velocity (mm/s) |
|---|---|
| 0 | 80.0 |
| 1 | 70.0 |
| 2 | 60.0 |
| 3 | 50.0 |
| 4 | 40.0 |
| 5 | 30.0 |
| 6 | 20.0 |
| 7 | 10.0 |
| 8 | 0.0 |
| 9 | 10.0 |
| 10 | 20.0 |
| 11 | 30.0 |
| 12 | 40.0 |
| 13 | 50.0 |
| 14 | 60.0 |
| 15 | 70.0 |
| 16 | 80.0 |
| 17 | 70.0 |
| 18 | 60.0 |
| 19 | 50.0 |
| 20 | 40.0 |
```
d
```markdown
| Batch Number | EPC (Å/cycle) |
|---|---|
|
```
