a
```markdown
| Batch Number | HF Flow Rate (scm) |
|---|---|
| 0 | 20.0 |
| 1 | 20.0 |
| 2 | 20.0 |
| 3 | 20.0 |
| 4 | 20.0 |
| 5 | 20.0 |
| 6 | 20.0 |
| 7 | 20.0 |
| 8 | 20.0 |
| 9 | 20.0 |
| 10 | 20.0 |
| 11 | 20.0 |
| 12 | 20.0 |
| 13 | 20.0 |
| 14 | 20.0 |
| 15 | 20.0 |
| 16 | 20.0 |
| 17 | 20.0 |
| 18 | 20.0 |
| 19 | 20.0 |
| 20 | 20.0 |
```
b
```markdown
| Batch Number | TMA Flow Rate (scm) |
|---|---|
| 0 | 40.0 |
| 1 | 45.0 |
| 2 | 45.0 |
| 3 | 45.0 |
| 4 | 45.0 |
| 5 | 45.0 |
| 6 | 45.0 |
| 7 | 45.0 |
| 8 | 45.0 |
| 9 | 45.0 |
| 10 | 45.0 |
| 11 | 45.0 |
| 12 | 45.0 |
| 13 | 45.0 |
| 14 | 45.0 |
| 15 | 45.0 |
| 16 | 45.0 |
| 17 | 45.0 |
| 18 | 45.0 |
| 19 | 45.0 |
| 20 | 45.0 |
```
c
```markdown
| Batch Number | Velocity (mm/s) |
|---|---|
| 0 | 70.0 |
| 1 | 70.0 |
| 2 | 70.0 |
| 3 | 70.0 |
| 4 | 70.0 |
| 5 | 70.0 |
| 6 | 70.0 |
| 7 | 70.0 |
| 8 | 70.0 |
| 9 | 70.0 |
| 10 | 70.0 |
| 11 | 70.0 |
| 12 | 70.0 |
| 13 | 70.0 |
| 14 | 70.0 |
| 15 | 70.0 |
| 16 | 70.0 |
| 17 | 70.0 |
| 18 | 70.0 |
| 19 | 70.0 |
| 20 | 70.0 |
```
d
```markdown
| Batch Number | EPC (Å/cycle) |
|---|---|
|
```
