a
```markdown
| Coverage [HF/nm²] | Coverage [Hf-F/nm²] |
|---|---|
| 0 | 0 |
| 1 | 1 |
| 2 | 2 |
| 3 | 3 |
| 4 | 4 |
| 5 | 5 |
| 6 | 6 |
| 7 | 7 |
| 8 | 8 |
| 9 | 9 |
| 10 | 10 |
| 11 | 11 |
| 12 | 12 |
| 13 | 13 |
| 14 | 14 |
| 15 | 15 |
| 16 | 16 |
| 17 | 17 |
| 18 | 18 |
| 19 | 19 |
```
b
```markdown
| Coverage [HF/nm²] | E_bind [eV/nm²] |
|---|---|
| 0 | -2 |
| 1 | -4 |
| 2 | -6 |
| 3 | -8 |
| 4 | -10 |
| 5 | -12 |
| 6 | -14 |
| 7 | -16 |
| 8 | -18 |
| 9 | -20 |
| 10 | -22 |
```
c
```markdown
| Coverage [HF/nm²] | E_bind [eV/nm²] |
|---|---|
| 0 | -2 |
| 1 | -4 |
| 2 | -6 |
| 3 | -8 |
| 4 | -10 |
| 5 | -12 |
| 6 | -14 |
| 7 | -16 |
| 8 | -18 |
| 9 | -20 |
| 10 | -22 |
```
