a
```markdown
| x-coordinate | y-coordinate |
|---|---|
| 0.1 | -0.05 |
| 0.15 | -0.1 |
| 0.2 | -0.15 |
| 0.25 | -0.2 |
| 0.3 | -0.25 |
```
b
```markdown
| x-coordinate | y-coordinate |
|---|---|
| 0.05 | -0.1 |
| 0.1 | -0.15 |
| 0.15 | -0.2 |
| 0.2 | -0.25 |
| 0.25 | -0.3 |
```
c
```markdown
| Exposure time (s) | Number of nodes |
|---|---|
| 2.0 | 0 |
| 2.1 | 0 |
| 2.2 | 0 |
| 2.3 | 0 |
| 2.4 | 0 |
| 2.5 | 0 |
| 2.6 | 0 |
| 2.7 | 0 |
| 2.8 | 0 |
| 2.9 | 0 |
| 3.0 | 0 |
| 3.1 | 0 |
| 3.2 | 0 |
| 3.3 | 0 |
| 3.4 | 0 |
| 3.5 | 0 |
| 3.6 | 0 |
| 3.7 | 0 |
| 3.8 | 0 |
| 3.9 | 0 |
| 4.0 | 0 |
```
d
```markdown
| Exposure time (s) | Number of nodes |
|---|---|
| 2.0 | 0 |
| 2.1 | 0 |
| 2.2 | 0 |
| 2.3 | 0 |
| 2.4 | 0 |
| 2.5 | 0 |
| 2.6 | 0 |
| 2.7 | 0 |
| 2.8 | 0 |
| 2.9 | 0 |
| 3.0 | 0 |
| 3.1 | 0 |
| 3.2 | 0 |
| 3.3 | 0 |
| 3.4 | 0 |
| 3.5 | 0 |
| 3.6 | 0 |
| 3.7 | 0 |
| 3.8 | 0 |
| 3.9 | 0 |
| 4.0 | 0 |
```
