a
```markdown
| Mole fraction of N₂ | 0.450 | 0.505 | 0.560 | 0.615 | 0.670 | 0.725 | 0.780 | 0.835 | 0.890 | 0.945 | 1.000 |
|---|---|---|---|---|---|---|---|---|---|---|---|
| 0 | 0.450 | 0.505 | 0.560 | 0.615 | 0.670 | 0.725 | 0.780 | 0.835 | 0.890 | 0.945 | 1.000 |
| 1.30 | 0.450 | 0.505 | 0.560 | 0.615 | 0.670 | 0.725 | 0.780 | 0.835 | 0.890 | 0.945 | 1.000 |
| 4.60 | 0.450 | 0.505 | 0.560 | 0.615 | 0.670 | 0.725 | 0.780 | 0.835 | 0.890 | 0.945 | 1.000 |
| 8.40 | 0.450 | 0.505 | 0.560 | 0.615 | 0.670 | 0.725 | 0.780 | 0.835 | 0.890 | 0.945 | 1.000 |
| 12.50 | 0.450 | 0.505 | 0.560 | 0.615 | 0.670 | 0.725 | 0.780 | 0.835 | 0.890 | 0.945 | 1.000 |
```
b
```markdown
| Mole fraction of N₂ | 0.450 | 0.505 | 0.560 | 0.615 | 0.670 | 0.725 | 0.780 | 0.835 | 0.890 | 0.945 | 1.000 |
|---|---|---|---|---|---|---|---|---|---|---|---|
| 0 | 0.450 | 0.505 | 0.560 | 0.615 | 0.670 | 0.725 | 0.780 | 0.835 | 0.890 | 0.945 | 1.000 |
| 1.30 | 0.450 | 0.505 | 0.560 | 0.615 | 0.670 | 0.725 | 0.780 | 0.835 | 0.890 | 0.945 | 1.000 |
| 4.60 | 0.450 | 0.505 | 0.560 | 0.615 | 0.670 | 0.725 | 0.780 | 0.835 | 0.890 | 0.945 | 1.000 |
| 8.40 | 0.450 | 0.505 | 0.560 | 0.615 | 0.670 | 0.725 |
```
