a
```markdown
| | k1 | k2 | k3 | k4 | k5 | k6 | k7 | k8 | k9 | k10 |
|---|---|---|---|---|---|---|---|---|---|---|
| k1 | 0 | 1 | 3 | 2 | 0 | 2 | 1 | 0 | 3 | 0 |
| k2 | 0 | 1 | 3 | 2 | 0 | 2 | 1 | 0 | 3 | 0 |
| k3 | 0 | 2 | 0 | 0 | 0 | 0 | 0 | 1 | 0 | 1 |
| k4 | 0 | 3 | 4 | 0 | 1 | 0 | 0 | 2 | 0 | 1 |
| k5 | 0 | 3 | 2 | 0 | 0 | 0 | 0 | 3 | 0 | 1 |
| k6 | 0 | 2 | 0 | 0 | 0 | 0 | 0 | 1 | 0 | 1 |
| k7 | 0 | 1 | 3 | 2 | 0 | 2 | 1 | 0 | 3 | 0 |
| k8 | 0 | 1 | 3 | 2 | 0 | 2 | 1 | 0 | 3 | 0 |
| k9 | 0 | 2 | 0 | 0 | 0 | 0 | 0 | 1 | 0 | 1 |
| k10 | 0 | 3 | 4 | 0 | 1 | 0 | 0 | 2 | 0 | 1 |
```
b
```markdown

```
