a
```markdown
| $\beta_{bp}$ = 0 | $\beta_{bp}$ = 0.0001 | $\beta_{bp}$ = 0.001 | $\beta_{bp}$ = 0.01 |
|---|---|---|---|
| 1.00 | 1.00 | 1.00 | 1.00 |
| 0.90 | 0.90 | 0.90 | 0.90 |
| 0.80 | 0.80 | 0.80 | 0.80 |
| 0.70 | 0.70 | 0.70 | 0.70 |
| 0.60 | 0.60 | 0.60 | 0.60 |
| 0.50 | 0.50 | 0.50 | 0.50 |
| 0.40 | 0.40 | 0.40 | 0.40 |
| 0.30 | 0.30 | 0.30 | 0.30 |
| 0.20 | 0.20 | 0.20 | 0.20 |
| 0.10 | 0.10 | 0.10 | 0.10 |
| 0.00 | 0.00 | 0.00 | 0.00 |
```
b
```markdown
| $\beta_{bp}$ = 0 | $\beta_{bp}$ = 0.0001 | $\beta_{bp}$ = 0.001 | $\beta_{bp}$ = 0.01 |
|---|---|---|---|
| 0.00 | 0.00 | 0.00 | 0.00 |
| 0.05 | 0.05 | 0.05 | 0.05 |
| 0.10 | 0.10 | 0.10 | 0.10 |
| 0.15 | 0.15 | 0.15 | 0.15 |
| 0.20 | 0.20 | 0.20 | 0.20 |
| 0.25 | 0.25 | 0.25 | 0.25 |
| 0.30 | 0.30 | 0.30 | 0.30 |
| 0.35 | 0.35 | 0.35 | 0.35 |
| 0.40 | 0.40 | 0.40 | 0.40 |
```
c
```markdown
| 100 mTorr | 50 mTorr | 25 mTorr |
|---|---|---|
| 1.00 | 1.00 | 1.00 |
| 0.90 | 0.90 | 0.90 |
| 0.80 | 0.80 | 0.80 |
| 0.70 | 0.70 | 0.70 |
| 0.60 | 0.60 | 0.60 |
| 0.50 | 0.50 | 0.50 |
| 0.40 | 0.40 | 0.40 |
| 0.30 | 0.30 | 0.30 |
| 0.20 | 0.20
```
