a
```markdown
| Frequency (cm⁻¹) | Infrared Absorbance |
|---|---|
| 3600 | -0.04 |
| 3515 | -0.02 |
| 3375 | 0.00 |
| 3350 | 0.02 |
| 3290 | 0.04 |
| 1600 | -0.02 |
| 1550 | 0.00 |
| 1485 | 0.02 |
| 750 | -0.04 |
| 625 | 0.00 |
| 500 | 0.02 |
```
b
```markdown
| Frequency (cm⁻¹) | Infrared Absorbance |
|---|---|
| 3600 | -0.04 |
| 3515 | -0.02 |
| 3375 | 0.00 |
| 3350 | 0.02 |
| 3290 | 0.04 |
| 1600 | -0.02 |
| 1550 | 0.00 |
| 1485 | 0.02 |
| 750 | -0.04 |
| 625 | 0.00 |
| 500 | 0.02 |
```
c
```markdown
| Frequency (cm⁻¹) | Infrared Absorbance |
|---|---|
| 3600 | -0.04 |
| 3515 | -0.02 |
| 3375 | 0.00 |
| 3350 | 0.02 |
| 3290 | 0.04 |
| 1600 | -0.02 |
| 1550 | 0.00 |
| 1485 | 0.02 |
| 750 | -0.04 |
| 625 | 0.00 |
| 500 | 0.02 |
```
