a
```markdown
| Energy (kcal/mol) | Hf(OEt)_4 | Hf(OEt)_3-OH | Hf-OH* | Hf-OEt* | Ads-Hf-OH-Hf(OEt)_4 |
|---|---|---|---|---|---|
| -30 | 0 | 0 | 0 | 0 | 0 |
| -25 | 0 | 0 | 0 | 0 | 0 |
| -20 | 0 | 0 | 0 | 0 | 0 |
| -15 | 0 | 0 | 0 | 0 | 0 |
| -10 | 0 | 0 | 0 | 0 | 0 |
| -5 | 0 | 0 | 0 | 0 | 0 |
| 0 | 0 | 0 | 0 | 0 | 0 |
| 5 | 0 | 0 | 0 | 0 | 0 |
| 10 | 0 | 0 | 0 | 0 | 0 |
| 15 | 0 | 0 | 0 | 0 | 0 |
| 20 | 0 | 0 | 0 | 0 | 0 |
```
b
```markdown
| Energy (kcal/mol) | Hf(OEt)_4 | Hf(OEt)_3-OH | Hf-OH* | Hf-OEt* | Ads-Hf-OH-Hf(OEt)_4 |
|---|---|---|---|---|---|
| -30 | 0 | 0 | 0 | 0 | 0 |
| -25 | 0 | 0 | 0 | 0 | 0 |
| -20 | 0 | 0 | 0 | 0 | 0 |
| -15 | 0 | 0 | 0 | 0 | 0 |
| -10 | 0 | 0 | 0 | 0 | 0 |
| -5 | 0 | 0 | 0 | 0 | 0 |
| 0 | 0 | 0 | 0 | 0 | 0 |
| 5 | 0 | 0 | 0 | 0 | 0 |
| 10 | 0 | 0 | 0 | 0 | 0 |
| 15 | 0 | 0 | 0 | 0 | 0 |
| 20 | 0 | 0 | 0 | 0 | 0 |
```
c
```markdown
| Energy (kcal/mol) | Hf(OEt)_4 | Hf(OEt)_3-OH | Hf-OH* | Hf-OEt* | Ads-Hf-OH-Hf(OEt)_4 |
|---|---|---|---|---|---|
| -30 | 0 | 0 | 0 | 0 | 0 |
| -25 | 0 | 0 | 0 | 0 | 0 |
| -20 | 0 | 0 | 0 | 0 | 0 |
| -15 | 0 | 0 | 0 | 0 | 0 |
| -10 | 0 | 0 | 0 | 0 | 0 |
| -5 | 0 | 0 | 0 | 0 | 0 |
| 0 | 0 | 0 | 0 | 0 | 0 |
| 5 | 0 | 0 | 0 | 0 | 0 |
| 10 | 0 | 0 | 0 | 0 | 0 |
| 15 | 0 | 0 | 0 | 0 | 0 |
| 20 | 0 | 0
```
