a
```markdown
| θ<sub>N</sub>[Å<sup>-2</sup>] | 100 | 110 | 111 | 210 | 211 | 221 | 311 |
|---|---|---|---|---|---|---|---|
| 0.00 | -0.50 | -0.50 | -0.50 | -0.50 | -0.50 | -0.50 | -0.50 |
| 0.05 | 0.00 | 0.00 | 0.00 | 0.00 | 0.00 | 0.00 | 0.00 |
| 0.10 | 0.50 | 0.50 | 0.50 | 0.50 | 0.50 | 0.50 | 0.50 |
| 0.15 | 1.00 | 1.00 | 1.00 | 1.00 | 1.00 | 1.00 | 1.00 |
| 0.20 | 1.50 | 1.50 | 1.50 | 1.50 | 1.50 | 1.50 | 1.50 |
```
b
```markdown
| θ<sub>N</sub>[Å<sup>-2</sup>] | 100 | 110 | 111 | 210 | 211 | 221 | 311 |
|---|---|---|---|---|---|---|---|
| 0.00 | 0.00 | 0.00 | 0.00 | 0.00 | 0.00 | 0.00 | 0.00 |
| 0.05 | 0.50 | 0.50 | 0.50 | 0.50 | 0.50 | 0.50 | 0.50 |
| 0.10 | 1.00 | 1.00 | 1.00 | 1.00 | 1.00 | 1.00 | 1.00 |
| 0.15 | 1.50 | 1.50 | 1.50 | 1.50 | 1.50 | 1.50 | 1.50 |
| 0.20 | 2.00 | 2.00 | 2.00 | 2.00 | 2.00 | 2.00 | 2.00 |
```
c
```markdown
| θ<sub>O</sub>[Å<sup>-2</sup>
```
