a
```markdown
| Doping fraction, DF | TIB (mΩ·cm) | DMAI (mΩ·cm) | TMA (mΩ·cm) |
|---|---|---|---|
| 0.00 | 70 | 70 | 70 |
| 0.01 | 65 | 65 | 65 |
| 0.02 | 60 | 60 | 60 |
| 0.03 | 55 | 55 | 55 |
| 0.04 | 50 | 50 | 50 |
| 0.05 | 45 | 45 | 45 |
| 0.06 | 40 | 40 | 40 |
| 0.07 | 35 | 35 | 35 |
| 0.08 | 30 | 30 | 30 |
| 0.09 | 25 | 25 | 25 |
| 0.10 | 20 | 20 | 20 |
```
b
```markdown
| Doping fraction, DF | TIB (10^20 cm^-3) | DMAI (10^20 cm^-3) | TMA (10^20 cm^-3) |
|---|---|---|---|
| 0.00 | 0.0 | 0.0 | 0.0 |
| 0.01 | 0.5 | 0.5 | 0.5 |
| 0.02 | 1.0 | 1.0 | 1.0 |
| 0.03 | 1.5 | 1.5 | 1.5 |
| 0.04 | 2.0 | 2.0 | 2.0 |
| 0.05 | 2.5 | 2.5 | 2.5 |
| 0.06 | 3.0 | 3.0 | 3.0 |
| 0.07 | 2.5 | 2.5 | 2.5 |
| 0.08 | 2.0 | 2.0 | 2.0 |
| 0.09 | 1.5 | 1.5 | 1.5 |
| 0.10 | 1.0 | 1.0 | 1.0 |
```
c
```markdown
| Doping fraction, DF | TIB (cm²/V·s^-1) | DMAI (cm²/V·s^-1) | TMA (cm²/V·s^-1) |
|---|---|---|---|
| 0.00 | 7.0 | 7.0 | 7.0 |
| 0.01 | 8.0 | 8.0 | 8.0 |
| 0.02 | 9.0 | 9.0 | 9.0 |
| 0.03 | 10.0 | 10.0 | 10.0 |
| 0.04 | 11.0 | 11.0 | 11.0 |
| 0.05 | 12.0 | 12.0 | 12.0 |
| 0.06 | 10.0 | 10.0 | 10.0 |
| 0.07 | 8.0 | 8.0 | 8.0 |
| 0.08 | 6.0 | 6.0 | 6.0 |
| 0.09 | 4.0 | 4.0 | 4.0 |
| 0.10 | 2.0 | 2.0 | 2.0 |
```
