a
```markdown
| Wavelength (nm) | 30 °C | 50 °C | 100 °C | 150 °C | 200 °C |
|---|---|---|---|---|---|
| 200 | 2.1 | 2.1 | 2.1 | 2.1 | 2.1 |
| 300 | 2.2 | 2.2 | 2.2 | 2.2 | 2.2 |
| 400 | 2.0 | 2.0 | 2.0 | 2.0 | 2.0 |
| 500 | 1.9 | 1.9 | 1.9 | 1.9 | 1.9 |
| 600 | 1.8 | 1.8 | 1.8 | 1.8 | 1.8 |
| 700 | 1.7 | 1.7 | 1.7 | 1.7 | 1.7 |
| 800 | 1.6 | 1.6 | 1.6 | 1.6 | 1.6 |
| 900 | 1.5 | 1.5 | 1.5 | 1.5 | 1.5 |
| 1000 | 1.4 | 1.4 | 1.4 | 1.4 | 1.4 |
```
b
```markdown
| Wavelength (nm) | 30 °C | 50 °C | 100 °C | 150 °C | 200 °C |
|---|---|---|---|---|---|
| 200 | 0.7 | 0.7 | 0.7 | 0.7 | 0.7 |
| 300 | 0.6 | 0.6 | 0.6 | 0.6 | 0.6 |
| 400 | 0.5 | 0.5 | 0.5 | 0.5 | 0.5 |
| 500 | 0.4 | 0.4 | 0.4 | 0.4 | 0.4 |
| 600 | 0.3 | 0.3 | 0.3 | 0.3 | 0.3 |
| 700 | 0.2 | 0.2 | 0.2 | 0.2 | 0.2 |
| 800 | 0.1 | 0.1 | 0.1 | 0.1 | 0.1 |
| 900 | 0.0 | 0.0 | 0.0 | 0.0 | 0.0 |
| 1000 | 0.0 | 0.0 | 0.0 | 0.0 | 0.0 |
```
c
```markdown
| Substrate temperature / °C | Bandgap / eV |
|---|---|
| 30 | 3.8 |
| 50 | 3.6 |
| 100 | 3.4 |
| 150 | 3.2 |
| 200 | 3.0 |
```
d
```markdown
| Film thickness at 150 °C / Å | Bandgap / eV |
|---|---|
| 0 | 4.0 |
| 50 | 3.8 |
| 100 | 3.6 |
| 150 | 3.4 |
| 200 | 3.2 |
```
