a
```markdown
| Wavenumber (cm⁻¹) | Absorbance |
|------------------|------------|
| 4000             | 0.0        |
| 3000             | 0.0        |
| 2000             | 0.0        |
| 1000             | 0.0        |
| 1300             | 0.0        |
| 1250             | 0.0        |
| 1220             | 0.08       |
| 1209             | 0.08       |
| 1200             | 0.08       |
| 1150             | 0.08       |
| 1100             | 0.08       |
```
b
```markdown
| Wavenumber (cm⁻¹) | Absorbance |
|------------------|------------|
| 4000             | 0.0        |
| 3000             | 0.0        |
| 2000             | 0.0        |
| 1000             | 0.0        |
| 1300             | 0.0        |
| 1250             | 0.0        |
| 1220             | 0.08       |
| 1209             | 0.08       |
| 1200             | 0.08       |
| 1150             | 0.08       |
| 1100             | 0.08       |
```
