a
```markdown
| Wavelength (nm) | Transmittance |
|----------------|---------------|
| 0             | 0             |
| 100           | 10            |
| 200           | 20            |
| 300           | 30            |
| 400           | 40            |
| 500           | 50            |
| 600           | 60            |
| 700           | 70            |
| 800           | 80            |
| 900           | 90            |
| 1000          | 100           |
| 1100          | 90            |
| 1200          | 80            |
| 1300          | 70            |
| 1400          | 60            |
| 1500          | 50            |
| 1600          | 40            |
| 1700          | 30            |
| 1800          | 20            |
| 1900          | 10            |
| 2000          | 0             |
```
b
```markdown
| Energy (eV) | (αhν)^2 (ev/cm)^2 |
|--------------|-------------------|
| 3            | 0                 |
| 4            | 1                 |
| 5            | 4                 |
| 6            | 9                 |
| 7            | 16                |
```
