a
```markdown
| Binding Energy (eV) | Intensity (a.u.) |
|---------------------|------------------|
| 600                 | 0               |
| 580                 | 0               |
| 560                 | 0               |
| 540                 | 0               |
| 520                 | 0               |
| 500                 | 0               |
| 480                 | 0               |
| 460                 | 0               |
| 440                 | 0               |
| 420                 | 0               |
| 400                 | 0               |
| 380                 | 0               |
| 360                 | 0               |
| 340                 | 0               |
| 320                 | 0               |
| 300                 | 0               |
| 280                 | 0               |
| 260                 | 0               |
| 240                 | 0               |
| 220                 | 0               |
| 200                 | 0               |
| 180                 | 0               |
| 160                 | 0               |
| 140                 | 0               |
| 120                 | 0               |
| 100                 | 0               |
| 80                   | 0               |
| 60                   | 0               |
| 40                   | 0               |
| 20                   | 0               |
| 0                    | 0               |
```
b
```markdown
| Binding energy (eV) | Intensity (a.u.) |
|---------------------|------------------|
| 164                 | 0               |
| 162                 | 0               |
| 160                 | 0               |
| 158                 | 0               |
| 156                 | 0               |
| 154                 | 0               |
```
c
```markdown
| Binding energy (eV) | Intensity (a.u.) |
|---------------------|------------------|
| 536                 | 0               |
| 534                 | 0               |
| 532                 | 0               |
| 530                 | 0               |
| 528                 | 0               |
| 526                 | 0               |
```
