a
```markdown
| Energy (eV) | Absorption (arb. units) |
|---|---|
| 6540 | 0 |
| 6542 | 0 |
| 6544 | 0 |
| 6546 | 0 |
| 6548 | 0 |
| 6550 | 0 |
| 6552 | 0 |
| 6554 | 0 |
| 6556 | 0 |
| 6558 | 0 |
| 6560 | 0 |
| 6562 | 0 |
| 6564 | 0 |
| 6566 | 0 |
| 6568 | 0 |
| 6570 | 0 |
| 6572 | 0 |
| 6574 | 0 |
| 6576 | 0 |
| 6578 | 0 |
| 6580 | 0 |
```
b
```markdown
| | Intensity (arb. units) |
|---|---|
| 1 | 0 |
| 2 | 0 |
| 3 | 0 |
| 4 | 0 |
```
c
```markdown
| Energy (eV) | Absorption (arb. units) |
|---|---|
| 635 | 0 |
| 637 | 0 |
| 639 | 0 |
| 641 | 0 |
| 643 | 0 |
| 645 | 0 |
| 647 | 0 |
| 649 | 0 |
| 651 | 0 |
| 653 | 0 |
| 655 | 0 |
| 657 | 0 |
| 659 | 0 |
| 661 | 0 |
```
