a
```markdown
| E (eV) | 0% | 6.5% | 7.7% | 10% | 16% | 30% |
|---|---|---|---|---|---|---|
| 2.5 | 0 | 0 | 0 | 0 | 0 | 0 |
| 3.0 | 0 | 0 | 0 | 0 | 0 | 0 |
| 3.5 | 0 | 0 | 0 | 0 | 0 | 0 |
| 4.0 | 0 | 0 | 0 | 0 | 0 | 0 |
| 4.5 | 0 | 0 | 0 | 0 | 0 | 0 |
| 5.0 | 0 | 0 | 0 | 0 | 0 | 0 |
| 5.5 | 0 | 0 | 0 | 0 | 0 | 0 |
| 6.0 | 0 | 0 | 0 | 0 | 0 | 0 |
```
b
```markdown
| E (eV) | 0% | 3.2% | 12% | 19% | 26% | 32% | 37% |
|---|---|---|---|---|---|---|---|
| 2.5 | 0 | 0 | 0 | 0 | 0 | 0 | 0 |
| 3.0 | 0 | 0 | 0 | 0 | 0 | 0 | 0 |
| 3.5 | 0 | 0 | 0 | 0 | 0 | 0 | 0 |
| 4.0 | 0 | 0 | 0 | 0 | 0 | 0 | 0 |
| 4.5 | 0 | 0 | 0 | 0 | 0 | 0 | 0 |
| 5.0 | 0 | 0 | 0 | 0 | 0 | 0 | 0 |
| 5.5 | 0 | 0 | 0 | 0 | 0 | 0 | 0 |
| 6.0 | 0 | 0 | 0 | 0 | 0 | 0 | 0 |
```
