b
```markdown
| Binding Energy (eV) | CPS | Mo<sup>0</sup> | Mo<sup>3+</sup> | Mo<sup>4+</sup> | Mo<sup>5+</sup> | Mo<sup>6+</sup> | BG | Envelope |
|---|---|---|---|---|---|---|---|---|
| 238 | 238 | 238 | 238 | 238 | 238 | 238 | 238 | 238 |
| 236 | 236 | 236 | 236 | 236 | 236 | 236 | 236 | 236 |
| 234 | 234 | 234 | 234 | 234 | 234 | 234 | 234 | 234 |
| 232 | 232 | 232 | 232 | 232 | 232 | 232 | 232 | 232 |
| 230 | 230 | 230 | 230 | 230 | 230 | 230 | 230 | 230 |
| 228 | 228 | 228 | 228 | 228 | 228 | 228 | 228 | 228 |
```
