a
```markdown
| Number of Cycles | MCPC (ng/(cm² cycle)) | ΔM<sub>HF</sub> | MCPC | ΔM<sub>TMA</sub> |
|---|---|---|---|---|
| 0 | 35 | 25 | -20 | -35 |
| 1 | 25 | 20 | -15 | -30 |
| 2 | 20 | 15 | -10 | -25 |
| 3 | 15 | 10 | -5 | -20 |
| 4 | 10 | 5 | 0 | -15 |
| 5 | 5 | 0 | 5 | -10 |
| 6 | 0 | 0 | 10 | -5 |
| 7 | 0 | 0 | 15 | 0 |
| 8 | 0 | 0 | 20 | 5 |
| 9 | 0 | 0 | 25 | 10 |
| 10 | 0 | 0 | 30 | 15 |
| 11 | 0 | 0 | 35 | 20 |
| 12 | 0 | 0 | 40 | 25 |
| 13 | 0 | 0 | 45 | 30 |
| 14 | 0 | 0 | 50 | 35 |
| 15 | 0 | 0 | 55 | 40 |
| 16 | 0 | 0 | 60 | 45 |
```
b
```markdown
| Number of Cycles | Ratio (ΔM<sub>TMA</sub> / MCPC) |
|---|---|
| 0 | 0.5 |
| 1 | 1.0 |
| 2 | 1.5 |
| 3 | 2.0 |
| 4 | 2.5 |
| 5 | 3.0 |
| 6 | 3.5 |
| 7 | 4.0 |
| 8 | 4.5 |
| 9 | 5.0 |
| 10 | 5.5 |
| 11 | 6.0 |
| 12 | 6.5 |
| 13 | 7.0 |
| 14 | 7.5 |
| 15 | 8.0 |
| 16 | 8.5 |
```
