a
```markdown
| Depth [nm] | Atomic density [x 10<sup>23</sup>/cm<sup>3</sup>] |
|---|---|
|-6 | 0 |
|-5 | 0 |
|-4 | 0 |
|-3 | 0 |
|-2 | 0 |
|-1 | 0 |
| 0 | 0 |
| 1 | 0 |
| 2 | 0 |
| 3 | 0 |
| 4 | 0 |
| 5 | 0 |
| 6 | 0 |
```
b
```markdown
| Depth [nm] | Atomic density [x 10<sup>23</sup>/cm<sup>3</sup>] |
|---|---|
|-6 | 0 |
|-5 | 0 |
|-4 | 0 |
|-3 | 0 |
|-2 | 0 |
|-1 | 0 |
| 0 | 0 |
| 1 | 0 |
| 2 | 0 |
| 3 | 0 |
| 4 | 0 |
| 5 | 0 |
| 6 | 0 |
```
c
```markdown
| Depth [nm] | Atomic density [x 10<sup>23</sup>/cm<sup>3</sup>] |
|---|---|
|-6 | 0 |
|-5 | 0 |
|-4 | 0 |
|-3 | 0 |
|-2 | 0 |
|-1 | 0 |
| 0 | 0 |
| 1 | 0 |
| 2 | 0 |
| 3 | 0 |
| 4 | 0 |
| 5 | 0 |
| 6 | 0 |
```
