a
```markdown
| Gate Bias V<sub>g</sub> (V) | 3nm | 9.4nm | 16.8nm |
|---|---|---|---|
|-2 | 0.002 | 0.002 | 0.002 |
|-1 | 0.002 | 0.002 | 0.002 |
|-0.5 | 0.002 | 0.002 | 0.002 |
|0 | 0.002 | 0.002 | 0.002 |
|0.5 | 0.002 | 0.002 | 0.002 |
|1 | 0.002 | 0.002 | 0.002 |
|1.5 | 0.002 | 0.002 | 0.002 |
|2 | 0.002 | 0.002 | 0.002 |
|2.5 | 0.002 | 0.002 | 0.002 |
|3 | 0.002 | 0.002 | 0.002 |
```
b
```markdown
| Gate Bias V<sub>g</sub> (V) | (NH<sub>4</sub>)<sub>2</sub>S | 50°C H<sub>2</sub>S |
|---|---|---|
|-2 | 0.002 | 0.002 |
|-1 | 0.002 | 0.002 |
|-0.5 | 0.002 | 0.002 |
|0 | 0.002 | 0.002 |
|0.5 | 0.002 | 0.002 |
|1 | 0.002 | 0.002 |
|1.5 | 0.002 | 0.002 |
|2 | 0.002 | 0.002 |
|2.5 | 0.002 | 0.002 |
|3 | 0.002 | 0.002 |
```
