a
```markdown
| Number of Ar⁺ Ion Impacts | 50 eV | 40 eV | 20 eV |
|---|---|---|---|
| 0 | 0 | 0 | 0 |
| 100 | 16 | 12 | 8 |
| 200 | 32 | 24 | 16 |
| 300 | 48 | 36 | 24 |
| 400 | 64 | 48 | 32 |
| 500 | 80 | 60 | 40 |
| 600 | 96 | 72 | 48 |
| 700 | 112 | 84 | 56 |
| 800 | 128 | 96 | 64 |
```
b
```markdown
| Number of Ar⁺ Ion Impacts | 50 eV | 40 eV | 20 eV |
|---|---|---|---|
| 0 | 0 | 0 | 0 |
| 100 | 12 | 10 | 8 |
| 200 | 24 | 20 | 16 |
| 300 | 36 | 30 | 24 |
| 400 | 48 | 40 | 32 |
| 500 | 60 | 50 | 40 |
| 600 | 72 | 60 | 50 |
| 700 | 84 | 70 | 60 |
| 800 | 96 | 80 | 70 |
```
